198 198 195 108
160 97 78
109 159 25
4 185 30
8 148 11
147 11 60
184 171 30
178 125 79
92 133 41
25 69 88
191 27 18
141 95 47
121 119 10
152 50 82
61 182 80
38 139 41
122 105 31
107 132 68
39 119 28
168 75 39
196 170 56
112 15 18
195 105 97
85 70 12
129 78 58
174 131 16
170 86 70
142 14 43
3 159 25
140 77 0
162 37 85
105 138 65
159 197 3
67 195 23
31 51 47
196 69 31
46 176 72
81 130 76
169 163 8
159 66 58
71 137 7
155 111 58
18 102 2
119 34 20
133 162 35
69 179 48
169 180 43
116 147 37
170 29 56
88 155 62
167 140 39
2 77 75
23 35 12
149 194 26
113 126 18
143 162 14
109 150 77
73 184 25
185 121 34
76 120 63
115 116 72
170 16 75
36 22 36
95 23 62
167 193 63
91 52 24
190 175 25
154 150 85
189 144 26
176 184 68
185 81 71
83 48 11
129 10 23
63 153 28
22 27 65
136 174 58
163 66 27
82 25 58
90 126 19
139 196 13
146 153 37
29 32 32
63 88 45
115 107 29
106 122 38
33 146 92
57 79 50
158 115 57
176 16 28
196 196 19
120 149 41
64 96 56
70 124 51
58 98 98
11 140 20
37 40 90
141 135 41
197 4 52
125 61 87
24 92 78
86 109 54
109 155 34
169 61 78
90 27 95
23 5 75
104 144 23
186 82 25
62 43 52
167 88 67
181 40 32
70 198 76
170 23 36
196 154 23
57 104 44
68 146 96
29 140 58
171 82 69
132 181 32
4 159 62
58 174 90
119 46 88
70 33 85
10 89 9
98 193 81
188 143 66
178 23 93
114 134 45
42 177 26
23 22 54
126 161 54
85 76 5
192 46 13
179 68 67
181 148 45
30 15 56
104 150 19
173 69 29
160 67 63
6 119 8
108 118 30
134 185 18
30 162 62
17 98 67
171 165 91
158 56 64
119 54 31
41 172 47
106 112 49
81 57 62
93 198 73
185 186 8
160 198 52
4 64 37
130 89 76
99 124 36
15 126 67
30 29 4
180 71 91
138 65 78
120 35 33
39 98 17
37 73 12
131 165 87
99 127 98
49 12 29
76 156 50
30 70 57
47 86 81
195 198 7
133 37 96
76 62 45
37 44 21
87 16 25
59 121 56
196 149 74
98 179 85
50 25 76
89 91 84
145 197 94
157 116 99
128 184 52
27 84 88
3 4 73
89 155 68
82 135 18
142 102 69
46 116 57
198 64 44
178 32 1
182 109 42
126 18 81
176 114 28
99 57 11
9 116 64
132 143 49
29 10 82
