30211 200
393
2825
2826
4955
30000
393
28249
282
4955
30000
393
282
282
4955
30000
393
2828
2820
4955
30000
393
282
282
4955
30000
393
282
282
4955
30000
393
282
282
4955
30000
393
282
282
4955
30000
393
282
282
4955
30000
393
282
282
4955
30000
393
282
282
4955
30000
393
282
282
4955
30000
393
282
282
4955
30000
393
282
282
4955
30000
393
282
282
4955
30000
393
282
282
4955
30000
393
282
282
4955
30000
393
282
282
4955
30000
393
282
282
4955
30000
393
282
282
4955
30000
393
282
282
4955
30000
393
282
282
4955
30000
393
282
282
4955
30000
393
282
282
4955
30000
393
282
282
4955
30000
393
282
282
4955
30000
393
282
282
4955
30000
393
282
282
4955
30000
393
282
282
4955
30000
393
282
282
4955
30000
393
282
282
4955
30000
393
282
282
4955
30000
393
282
282
4955
30000
393
282
282
4955
30000
393
282
282
4955
30000
393
282
282
4955
30000
393
282
282
4955
3000
393
282
22333
4955
30000
393
282
282
4955
30000
393
282
282
4955
30000
